0 0.4829306930693069 0.56571875 0.48382178217821786 0.5691875 0.4888118811881188 0.567734375 0.4890891089108911 0.56603125 0.48665346534653464 0.56571875
0 0.5365346534653466 0.5650937500000001 0.531108910891089 0.5646875 0.5295841584158416 0.56621875 0.5312277227722771 0.5683906249999999 0.5368316831683169 0.56790625
0 0.5809702970297029 0.110109375 0.5809702970297029 0.096625 0.637940594059406 0.083140625 0.6350891089108911 0.096625 0.6265346534653465 0.098875 0.618 0.110109375 0.6122970297029703 0.10112499999999999
0 0.36600000000000005 0.576625 0.3746732673267327 0.575703125 0.3798217821782178 0.5749531250000001 0.37934653465346535 0.56978125 0.3756039603960396 0.56978125 0.3746732673267327 0.571453125 0.366930693069307 0.5721875 0.3645940594059406 0.5725625 0.3641188118811881 0.57459375
0 0.4982376237623763 0.565171875 0.5023960396039604 0.564734375 0.5091683168316832 0.563421875 0.5142772277227723 0.56528125 0.5138811881188119 0.5687656249999999 0.5061188118811881 0.569859375 0.501980198019802 0.570078125 0.5018415841584158 0.56821875 0.49645544554455445 0.568 0.49726732673267326 0.565390625
0 0.42716831683168316 0.57196875 0.42156435643564355 0.573296875 0.4196039603960396 0.570640625 0.4151089108910891 0.5693125 0.4184752475247525 0.568859375 0.4277227722772277 0.56953125 0.4324950495049505 0.5682031249999999 0.43334653465346534 0.571078125 0.4296831683168317 0.57196875
0 0.47568316831683166 0.55628125 0.46207920792079205 0.5555 0.4637425742574257 0.559953125 0.4743564356435644 0.559421875 0.4796831683168317 0.5555
0 0.3378019801980198 0.58 0.3520792079207921 0.578015625 0.3498613861386139 0.573421875 0.3397425742574257 0.5760468750000001 0.33502970297029705 0.572984375 0.3251881188118812 0.5755 0.3280990099009901 0.579453125
0 0.43045544554455445 0.5644375 0.4270891089108911 0.56515625 0.4270891089108911 0.56346875 0.4231089108910891 0.562015625 0.4237227722772277 0.5603125 0.42647524752475247 0.5607968750000001 0.428930693069307 0.5607968750000001 0.4369108910891089 0.561046875 0.43384158415841584 0.562734375 0.4329108910891089 0.563953125
0 0.43883168316831683 0.560921875 0.4472871287128713 0.561125 0.4574653465346535 0.55896875 0.4537425742574257 0.56425 0.44455445544554456 0.56425
0 0.4944158415841584 0.111578125 0.5187920792079208 0.10800000000000001 0.5268118811881188 0.106625 0.5261188118811881 0.11046875 0.5306534653465347 0.11074999999999999 0.5386534653465346 0.107453125 0.5400594059405941 0.105515625 0.5334257425742575 0.10579687499999998 0.533089108910891 0.10414062500000001 0.5525940594059406 0.09946875 0.5525940594059406 0.09671874999999999 0.5292475247524752 0.10221875 0.5292475247524752 0.09946875 0.5512079207920793 0.094796875 0.5515445544554455 0.09178125000000001 0.49196039603960395 0.10304687500000001 0.493009900990099 0.106078125 0.5128712871287129 0.10221875 0.5128712871287129 0.10470312500000001 0.4937029702970297 0.108546875
0 0.45005940594059407 0.12068749999999999 0.4684752475247525 0.11860937499999999 0.47449504950495053 0.11771875000000001 0.48237623762376236 0.11668750000000001 0.4878217821782178 0.11609375 0.49007920792079207 0.116984375 0.4912079207920792 0.1190625 0.4895247524752475 0.12009375 0.472990099009901 0.12246874999999999 0.46792079207920795 0.123203125 0.4677227722772277 0.124390625 0.47128712871287126 0.12528125 0.48106930693069305 0.12246874999999999 0.4891485148514852 0.12142187499999998 0.4908316831683168 0.12350000000000001 0.49007920792079207 0.12454687499999999 0.47805940594059404 0.127796875 0.47637623762376236 0.131359375 0.4746732673267327 0.13225 0.4652871287128713 0.134921875 0.4611485148514851 0.131515625 0.4594653465346535 0.130328125 0.4558811881188119 0.131359375 0.4545742574257426 0.13165625 0.43033663366336633 0.13343750000000001 0.4292079207920792 0.130328125 0.4325940594059406 0.12884374999999998 0.4404752475247525 0.1286875 0.44724752475247526 0.1270625 0.4474257425742574 0.126609375 0.4352277227722772 0.127203125 0.42827722772277227 0.126765625 0.4297821782178218 0.12484375 0.4363564356435644 0.12290625
0 0.39910891089108913 0.12159374999999999 0.4201584158415842 0.11684375 0.4272871287128713 0.114328125 0.432 0.113296875 0.4366930693069307 0.113296875 0.43912871287128713 0.115359375 0.43574257425742574 0.11684375 0.41546534653465345 0.121296875 0.41451485148514855 0.12278125 0.4361188118811881 0.1181875 0.4383762376237624 0.118921875 0.43875247524752475 0.12173437499999999 0.4252277227722773 0.124265625 0.4269306930693069 0.12753125 0.42392079207920796 0.130640625 0.4177227722772277 0.131671875 0.4096435643564357 0.131234375 0.4079405940594059 0.12782812500000001 0.40530693069306933 0.129296875 0.39667326732673264 0.131078125 0.37825742574257426 0.1325625 0.37732673267326733 0.13153125000000002 0.37750495049504945 0.12975 0.3842772277227723 0.1285625 0.39592079207920794 0.127671875 0.39685148514851487 0.12456249999999999 0.37994059405940594 0.128109375 0.376 0.127671875 0.376 0.12559375 0.38164356435643565 0.12381249999999999
0 0.298019801980198 0.34609375 0.22376237623762377 0.4609375